14:28:45.088 -> 78,200,946,909,892,956,892,907,;980,984,880,908,240,108,221,75,;895,946,923,925,889,910,794,36,;897,919,884,908,883,912,888,912,;3.52,-8.75,-3.21;-0.09,-0.02,0.01;Error,no connection with satelite
14:28:45.136 -> 78,198,946,909,883,956,893,907,;980,984,878,914,272,105,217,75,;895,945,922,925,889,910,794,36,;897,919,884,908,883,912,888,912,;3.65,-8.61,-3.25;-0.11,-0.02,0.02;Error,no connection with satelite
14:28:45.184 -> 77,197,946,909,891,956,894,907,;980,983,864,908,258,103,218,75,;895,945,921,925,889,909,794,36,;897,919,884,908,882,911,888,912,;3.54,-8.61,-3.11;-0.12,-0.02,0.00;Error,no connection with satelite
14:28:45.229 -> 78,247,946,909,892,956,894,907,;988,994,859,913,264,159,216,75,;895,944,920,925,889,910,795,36,;898,919,884,908,883,912,888,912,;3.51,-8.50,-3.13;-0.14,-0.09,-0.00;Error,no connection with satelite
14:28:45.277 -> 78,244,946,909,892,956,894,907,;988,994,865,911,260,156,213,75,;895,944,922,925,889,910,794,36,;898,919,884,908,882,911,888,912,;3.28,-8.47,-3.06;-0.13,-0.04,0.00;Error,no connection with satelite
14:28:45.277 -> 78,242,947,909,892,956,894,907,;988,994,864,911,256,153,215,75,;895,945,922,925,889,910,794,36,;898,919,884,908,883,911,888,912,;3.37,-8.50,-3.06;-0.10,-0.01,0.02;Error,no connection with satelite
14:28:45.324 -> 78,242,947,909,892,956,894,907,;988,992,862,911,254,154,216,75,;895,946,923,925,889,909,794,36,;898,920,884,908,883,912,888,912,;3.62,-8.55,-3.18;-0.10,-0.03,0.03;Error,no connection with satelite
14:28:45.371 -> 78,258,947,909,892,956,894,907,;985,988,863,911,265,171,214,75,;895,947,923,925,889,909,794,36,;898,920,885,909,883,911,888,912,;3.74,-8.49,-3.25;-0.07,0.00,0.01;Error,no connection with satelite
14:28:45.371 -> 78,277,946,909,892,956,894,907,;988,991,853,910,286,195,215,75,;895,944,922,925,889,909,794,36,;898,920,884,908,883,912,888,912,;3.60,-8.54,-3.25;-0.07,-0.01,-0.00;Error,no connection with satelite
14:28:45.419 -> 78,264,946,909,892,956,895,907,;988,992,847,910,274,178,216,75,;895,945,922,925,890,909,794,36,;899,920,884,908,883,912,888,912,;3.45,-8.60,-3.25;-0.08,-0.04,0.00;Error,no connection with satelite
14:28:45.467 -> 78,278,947,909,892,956,896,907,;983,986,847,911,367,199,216,75,;895,945,923,925,890,909,794,36,;899,920,884,908,883,912,888,912,;3.50,-8.64,-3.23;-0.08,-0.03,0.01;Error,no connection with satelite
14:28:45.514 -> 78,234,947,909,892,956,896,907,;986,989,855,911,305,149,214,76,;895,945,922,925,890,909,794,36,;899,920,884,908,883,912,888,912,;3.41,-8.75,-3.20;-0.08,-0.01,0.01;Error,no connection with satelite
14:28:45.561 -> 77,292,946,909,892,956,897,907,;987,991,836,910,266,216,213,76,;895,946,923,925,890,909,794,36,;899,920,884,908,883,912,888,912,;3.60,-8.62,-2.35;-0.04,-0.00,-0.01;Error,no connection with satelite
14:28:45.561 -> 77,310,946,909,892,956,899,907,;987,993,828,910,258,234,213,75,;895,944,923,925,890,909,794,36,;899,921,884,908,883,912,888,912,;3.71,-8.70,-1.86;-0.02,0.13,0.00;Error,no connection with satelite
14:28:45.609 -> 77,288,946,909,892,956,900,907,;984,993,832,910,323,207,215,76,;895,967,952,925,890,909,794,36,;897,920,884,908,883,911,888,912,;3.72,-8.57,-2.04;-0.05,0.27,-0.02;Error,no connection with satelite
14:28:45.657 -> 77,281,946,908,892,958,901,906,;984,993,836,910,429,199,214,75,;895,967,952,925,888,909,794,36,;897,920,884,908,883,912,888,912,;4.19,-8.25,-2.20;-0.20,0.29,0.02;Error,no connection with satelite
14:28:45.704 -> 76,339,947,909,892,956,903,907,;984,993,851,911,365,248,214,76,;895,967,951,925,889,909,794,36,;897,920,884,908,883,912,888,912,;4.91,-7.92,-1.76;-0.41,0.15,0.06;Error,no connection with satelite
14:28:45.704 -> 75,247,946,909,892,956,904,907,;984,992,858,910,187,161,220,75,;895,967,951,924,890,909,794,36,;898,920,884,908,883,912,888,912,;5.43,-7.88,-1.82;-0.48,-0.05,0.08;Error,no connection with satelite
14:28:45.752 -> 72,242,947,909,892,956,904,907,;985,993,848,910,324,155,215,75,;895,967,951,924,890,909,794,36,;898,921,884,908,883,912,888,912,;5.31,-8.34,-2.07;-0.43,-0.29,0.07;Error,no connection with satelite
14:28:45.800 -> 118,263,947,909,893,956,905,908,;982,985,831,910,301,180,221,75,;895,967,950,925,890,909,794,36,;898,921,885,908,883,912,888,912,;5.56,-8.82,-2.08;-0.47,-0.40,-0.04;Error,no connection with satelite
14:28:45.847 -> 29,302,947,909,887,956,907,908,;960,973,807,910,410,224,221,75,;895,967,951,925,890,909,794,36,;902,927,884,908,882,912,888,912,;5.65,-10.04,-3.05;-0.68,-0.20,-0.23;Error,no connection with satelite
14:28:45.894 -> 33,237,947,909,896,956,910,907,;967,979,788,909,382,146,218,75,;895,967,953,925,890,909,794,36,;899,922,887,908,883,912,888,912,;5.28,-11.40,-4.62;-0.87,0.16,-0.29;Error,no connection with satelite
14:28:45.940 -> 39,240,947,909,890,956,911,907,;985,987,795,909,334,160,219,75,;895,969,956,925,891,909,793,36,;898,921,885,908,883,912,888,912,;3.62,-11.44,-3.77;-0.94,0.15,0.22;Error,no connection with satelite
14:28:45.987 -> 109,209,946,909,891,956,910,907,;987,988,857,910,291,125,217,75,;895,967,952,925,891,909,793,36,;899,921,885,908,883,912,888,912,;4.24,-10.94,-4.68;-0.47,0.93,0.57;Error,no connection with satelite
14:28:46.032 -> 50,186,946,908,899,956,910,907,;973,983,895,911,164,88,218,75,;895,967,951,925,891,909,793,36,;901,924,884,908,882,912,888,912,;4.26,-8.98,-5.29;-0.17,2.03,0.47;Error,no connection with satelite
14:28:46.032 -> 149,239,946,908,908,956,911,907,;972,982,896,911,251,128,216,75,;895,966,950,925,891,909,793,37,;900,924,885,908,883,912,888,912,;2.78,-7.84,-4.03;-0.19,1.87,0.26;Error,no connection with satelite
14:28:46.079 -> 147,203,946,908,913,956,914,907,;985,992,896,911,181,104,213,75,;895,966,950,924,890,909,793,35,;897,921,887,908,883,912,888,912,;2.44,-8.56,-3.71;-0.48,1.15,0.45;Error,no connection with satelite
14:28:46.127 -> 148,188,945,908,916,956,915,906,;990,992,896,912,301,91,222,75,;895,966,950,924,890,908,790,13,;954,969,887,908,883,912,888,912,;3.89,-7.35,-1.99;-0.71,0.95,0.75;Error,no connection with satelite
14:28:46.174 -> 142,188,946,908,917,956,914,906,;991,992,896,912,386,91,227,75,;895,966,950,924,891,909,792,27,;892,916,886,908,883,912,888,912,;3.30,-6.14,-1.30;-0.41,0.93,0.71;Error,no connection with satelite
14:28:46.222 -> 132,270,945,908,918,956,915,906,;991,993,896,913,625,182,224,75,;895,966,950,926,890,909,793,36,;953,968,885,908,882,912,888,912,;3.03,-5.52,0.27;0.01,1.05,0.49;Error,no connection with satelite
14:28:46.222 -> 134,286,945,908,920,955,915,906,;988,990,896,912,431,206,223,75,;894,963,945,888,18,866,783,37,;890,914,885,908,882,912,888,912,;2.60,-5.32,0.08;0.20,1.24,0.28;Error,no connection with satelite
14:28:46.270 -> 130,304,945,908,930,955,915,905,;990,991,895,912,451,237,226,75,;894,963,945,888,16,867,783,37,;891,914,885,908,882,912,888,911,;2.40,-5.21,-0.29;0.35,1.30,0.02;Error,no connection with satelite
14:28:46.316 -> 120,401,944,908,906,955,917,906,;990,992,896,913,482,347,201,76,;894,963,945,889,17,867,783,37,;890,915,886,908,882,912,888,912,;2.20,-5.38,0.15;0.43,1.35,-0.14;Error,no connection with satelite
14:28:46.364 -> 116,241,943,908,932,955,919,907,;988,989,948,960,675,228,194,76,;894,964,952,890,17,868,784,37,;896,946,884,908,883,912,888,912,;2.77,-6.60,1.28;0.22,1.18,-0.03;Error,no connection with satelite
14:28:46.411 -> 120,280,942,908,939,954,924,904,;983,984,64,125,384,197,194,76,;894,923,899,891,17,868,783,37,;890,913,882,908,882,912,887,912,;4.20,-10.71,1.34;-0.35,1.91,0.04;Error,no connection with satelite
14:28:46.458 -> 123,219,941,908,943,954,925,905,;983,985,134,215,282,71,163,75,;894,964,904,892,17,869,784,38,;892,966,898,907,882,912,887,912,;7.68,-13.91,-1.73;-0.25,2.01,-0.35;Error,no connection with satelite
14:28:46.458 -> 130,291,942,909,948,954,926,905,;984,987,45,222,683,208,164,73,;894,932,909,892,17,870,783,37,;892,915,882,907,882,912,888,913,;12.92,-12.79,-6.42;-0.11,-0.05,0.56;Error,no connection with satelite
14:28:46.504 -> 139,970,944,910,936,958,925,907,;989,991,873,912,967,972,165,73,;895,931,909,933,871,917,795,40,;892,917,884,908,881,912,888,915,;13.21,-9.87,-7.55;-0.43,-1.43,0.36;Error,no connection with satelite
14:28:46.552 -> 136,943,944,910,905,956,919,908,;988,991,900,916,950,958,170,76,;894,971,957,931,877,915,791,18,;891,915,883,908,882,913,888,915,;9.19,-8.63,-5.47;-0.14,-2.25,-0.06;Error,no connection with satelite
14:28:46.598 -> 65,966,860,824,906,956,912,907,;985,988,832,909,888,964,169,75,;895,934,911,930,879,913,790,14,;892,922,900,906,882,913,888,913,;7.20,-8.69,-3.83;-0.08,-2.33,-0.22;Error,no connection with satelite
14:28:46.643 -> 116,181,835,797,892,955,908,907,;983,985,826,905,199,172,169,75,;895,931,909,929,880,912,789,13,;892,916,883,908,882,913,888,913,;2.59,-8.18,-2.93;-0.26,-1.37,-0.60;Error,no connection with satelite
14:28:46.690 -> 133,103,815,800,886,955,897,906,;991,993,859,911,135,117,170,76,;894,936,956,928,881,911,789,13,;892,916,883,908,882,913,888,913,;1.51,-6.29,-0.80;-0.27,-1.13,-0.60;Error,no connection with satelite
14:28:46.737 -> 96,137,869,772,883,955,863,906,;991,993,878,918,310,188,171,77,;895,970,955,928,881,911,788,13,;892,916,883,908,882,913,888,912,;2.71,-5.03,0.64;0.08,-0.69,-0.45;Error,no connection with satelite
14:28:46.737 -> 93,140,891,851,883,957,898,907,;991,994,867,912,879,116,170,76,;895,971,956,928,883,911,790,20,;892,916,883,908,882,913,888,913,;2.79,-5.86,0.74;0.01,-0.37,-0.19;Error,no connection with satelite
14:28:46.783 -> 105,975,943,910,884,957,901,907,;990,993,867,916,971,975,170,77,;895,972,958,927,883,911,792,27,;892,916,883,908,882,913,888,912,;1.35,-6.69,0.59;0.12,-0.40,0.16;Error,no connection with satelite
14:28:46.831 -> 125,169,942,908,886,955,906,907,;987,990,856,907,150,126,167,75,;895,970,957,927,884,910,790,22,;891,915,884,908,882,913,887,912,;-0.04,-5.80,0.33;0.20,0.10,0.59;Error,no connection with satelite
14:28:46.878 -> 117,109,941,908,894,955,907,907,;989,992,899,963,519,90,168,74,;895,969,956,927,884,910,790,22,;889,914,884,908,882,912,887,912,;2.78,-5.19,-4.55;0.26,1.43,1.54;Error,no connection with satelite
14:28:46.925 -> 116,133,934,907,910,953,903,904,;985,988,63,305,537,93,206,74,;894,965,952,890,23,867,784,38,;891,915,883,908,882,912,887,911,;7.56,-2.83,-8.94;0.31,1.90,1.65;Error,no connection with satelite
14:28:46.973 -> 32,272,934,908,923,956,905,905,;988,989,174,355,726,181,124,22,;895,967,952,930,877,913,791,35,;895,919,883,908,883,912,888,941,;1.50,-10.14,-5.88;-1.01,-0.27,1.63;Error,no connection with satelite
14:28:47.018 -> 116,939,933,910,884,958,907,908,;995,999,876,891,925,957,211,128,;896,970,956,928,883,914,796,50,;897,920,883,907,883,912,888,912,;-0.26,-11.00,-5.03;-1.27,1.08,0.88;Error,no connection with satelite
14:28:47.065 -> 66,939,876,689,883,955,897,906,;943,953,756,908,923,956,207,127,;895,970,957,927,884,911,791,20,;954,968,884,907,883,912,888,913,;-1.47,-10.44,-4.44;-1.97,2.07,1.39;Error,no connection with satelite
14:28:47.114 -> 94,963,883,707,908,944,892,907,;952,963,798,910,893,964,132,48,;896,966,950,927,885,912,792,23,;927,957,893,906,883,912,888,912,;6.06,-9.08,-4.97;-1.79,1.96,0.90;Error,no connection with satelite
14:28:47.114 -> 59,959,840,847,921,956,892,907,;987,988,783,910,911,950,101,19,;895,972,958,927,886,912,792,17,;950,965,891,905,882,912,888,913,;6.40,-9.78,-5.11;-1.69,1.06,0.32;Error,no connection with satelite
14:28:47.161 -> 142,235,785,906,943,910,891,907,;975,979,897,961,344,123,205,135,;894,970,956,889,19,873,776,16,;915,935,886,908,882,913,887,914,;1.50,-11.24,-3.63;-1.13,1.56,-0.26;Error,no connection with satelite
14:28:47.208 -> 39,946,819,908,951,911,890,907,;962,962,893,908,150,111,143,65,;894,969,953,889,31,875,774,20,;907,933,891,907,882,914,887,914,;-0.46,-9.11,-7.31;-1.25,2.31,-0.03;Error,no connection with satelite
14:28:47.256 -> 115,954,858,908,955,909,888,905,;254,347,948,960,224,161,159,81,;894,969,953,891,15,871,774,19,;905,926,891,905,882,914,888,914,;7.72,-11.87,-11.87;-1.53,0.85,0.30;Error,no connection with satelite
14:28:47.302 -> 77,956,888,910,963,909,883,905,;199,268,951,964,473,298,185,114,;894,968,951,891,15,871,775,15,;905,927,884,907,882,913,887,914,;14.14,-10.19,-9.41;-1.63,0.32,-0.79;Error,no connection with satelite
14:28:47.347 -> 117,960,883,911,957,958,20,901,;118,194,896,916,492,261,395,370,;895,973,956,933,874,919,786,27,;888,911,885,910,882,914,888,914,;10.21,-2.72,-4.00;-1.53,-0.24,-0.79;Error,no connection with satelite
14:28:47.347 -> 27,209,887,906,267,366,669,901,;65,94,432,309,63,47,287,130,;895,972,955,929,873,895,712,165,;887,911,892,905,882,912,886,913,;8.65,3.64,-2.48;-1.02,-0.70,-0.93;Error,no connection with satelite
14:28:47.394 -> 111,202,169,772,76,62,79,897,;56,58,116,198,58,48,95,48,;894,967,956,927,875,895,738,55,;955,969,783,868,687,911,888,913,;9.32,7.52,-4.15;-0.11,-0.83,-1.74;Error,no connection with satelite
14:28:47.440 -> 219,112,178,179,114,76,87,81,;239,255,165,154,97,63,136,49,;894,969,956,927,874,885,574,92,;953,967,886,907,881,911,885,912,;16.60,21.39,-7.53;0.67,-2.30,-0.95;Error,no connection with satelite
14:28:47.488 -> 45,781,884,854,298,193,487,754,;245,257,305,325,121,42,297,93,;894,971,957,930,875,911,770,37,;954,968,882,908,882,912,886,913,;-0.91,7.18,-3.46;0.69,-3.63,1.83;Error,no connection with satelite
14:28:47.535 -> 151,173,885,908,735,416,835,903,;292,321,148,203,181,47,372,73,;894,974,959,931,873,918,785,44,;952,967,884,908,882,913,887,914,;-3.71,-12.05,-11.12;0.42,-0.81,0.15;Error,no connection with satelite
14:28:47.582 -> 149,274,887,910,886,589,891,907,;316,327,354,904,133,41,297,83,;894,973,958,928,878,915,786,50,;944,963,885,907,883,913,887,914,;-0.21,-13.85,-7.46;-0.49,0.90,-1.92;Error,no connection with satelite
14:28:47.631 -> 15,187,891,904,693,866,99,760,;175,187,127,211,190,112,115,35,;893,967,954,892,96,920,772,44,;953,967,890,907,883,913,887,913,;3.28,-5.60,-6.40;0.31,0.03,-0.68;Error,no connection with satelite
14:28:47.631 -> 28,198,914,912,366,135,233,900,;178,188,120,321,180,60,107,71,;894,967,952,890,12,870,768,72,;952,967,886,907,883,913,887,914,;2.25,-6.23,-7.33;0.20,0.06,-0.58;Error,no connection with satelite
14:28:47.677 -> 158,68,934,927,396,880,203,899,;149,161,552,231,87,49,122,75,;893,968,954,892,77,877,779,126,;890,914,887,907,883,913,887,914,;2.77,-5.42,-7.52;0.34,0.11,-0.80;Error,no connection with satelite
14:28:47.724 -> 99,111,784,922,412,94,164,903,;162,174,738,556,93,54,127,78,;894,969,954,892,13,874,782,129,;952,968,893,907,883,913,887,914,;4.07,-4.60,-7.46;0.30,0.33,-0.77;Error,no connection with satelite
14:28:47.724 -> 84,194,738,928,366,91,163,904,;161,173,272,326,132,64,139,85,;894,970,954,897,31,877,783,124,;907,929,895,907,883,913,887,914,;4.54,-5.24,-6.64;0.25,0.35,-0.57;Error,no connection with satelite
14:28:47.772 -> 81,78,899,929,480,106,188,906,;170,181,682,468,156,66,122,92,;893,971,956,893,34,876,782,132,;903,922,887,907,883,913,887,914,;5.89,-4.90,-6.66;0.17,0.20,-0.48;Error,no connection with satelite
14:28:47.819 -> 81,71,943,927,521,130,246,903,;174,185,817,723,193,53,123,98,;893,969,954,893,12,875,781,141,;953,968,887,907,883,913,887,914,;5.95,-4.51,-6.36;0.19,0.34,-0.52;Error,no connection with satelite
14:28:47.866 -> 138,96,941,916,588,155,301,900,;165,176,83,98,171,56,124,59,;893,969,954,893,12,875,780,138,;912,962,887,907,883,913,887,914,;6.43,-3.62,-6.34;0.19,0.12,-0.58;Error,no connection with satelite
14:28:47.914 -> 145,192,935,915,659,244,415,903,;209,218,72,94,216,49,141,53,;894,969,954,893,12,875,777,114,;945,967,888,907,883,913,887,914,;6.34,-3.82,-6.06;0.20,-0.15,-0.47;Error,no connection with satelite
14:28:47.914 -> 61,284,936,914,669,406,540,900,;261,271,89,134,143,59,99,63,;893,970,955,894,12,876,785,157,;954,968,917,906,883,913,887,914,;5.55,-4.21,-6.07;0.24,-0.18,-0.45;Error,no connection with satelite
14:28:47.960 -> 28,253,937,917,788,718,833,903,;386,394,104,127,148,82,112,55,;894,970,954,894,12,876,784,128,;953,967,918,906,883,913,887,914,;4.87,-4.29,-6.36;0.14,0.02,-0.35;Error,no connection with satelite
14:28:48.006 -> 28,75,932,914,820,795,945,905,;529,536,136,158,112,77,124,46,;893,971,956,894,12,875,776,73,;905,934,890,907,883,913,887,914,;5.63,-4.24,-6.09;0.14,0.17,-0.30;Error,no connection with satelite
14:28:48.053 -> 28,167,927,914,791,803,946,905,;554,560,39,118,89,53,124,22,;894,970,954,895,11,876,784,127,;889,912,916,906,883,913,887,914,;6.25,-3.40,-6.13;0.13,0.09,-0.33;Error,no connection with satelite
14:28:48.101 -> 28,242,932,916,771,781,948,903,;556,561,39,257,111,76,122,26,;893,970,955,895,11,876,783,131,;887,914,906,905,882,913,887,914,;6.11,-3.85,-6.35;0.06,-0.05,-0.27;Error,no connection with satelite
14:28:48.147 -> 63,263,940,920,707,722,950,903,;499,506,35,197,79,61,115,22,;894,970,955,895,10,876,775,69,;888,911,898,905,882,913,887,914,;5.99,-4.53,-6.49;0.09,-0.18,-0.21;Error,no connection with satelite
14:28:48.194 -> 45,263,947,927,686,685,862,902,;446,453,29,273,91,84,111,21,;894,973,957,895,10,877,784,133,;887,911,888,907,883,913,887,914,;5.94,-4.33,-6.45;-0.01,-0.29,-0.19;Error,no connection with satelite
14:28:48.194 -> 171,299,951,930,643,579,640,900,;387,395,29,217,222,123,111,21,;894,971,957,895,10,877,783,133,;888,911,887,907,883,913,887,914,;5.61,-4.50,-6.34;-0.05,-0.30,-0.25;Error,no connection with satelite
14:28:48.242 -> 59,285,953,932,618,504,569,899,;350,359,28,184,201,101,109,18,;894,971,957,896,23,877,783,134,;888,912,890,907,883,913,887,914,;5.77,-4.41,-6.62;-0.07,-0.34,-0.17;Error,no connection with satelite
14:28:48.290 -> 44,196,955,934,621,443,544,899,;322,331,28,214,131,71,111,29,;894,971,956,900,116,882,785,137,;888,911,892,907,883,913,887,914,;5.38,-4.97,-6.75;-0.08,-0.37,-0.09;Error,no connection with satelite
14:28:48.338 -> 63,184,956,935,588,314,449,902,;272,282,29,222,259,61,109,26,;893,969,954,896,24,877,782,129,;888,911,894,907,883,913,887,914,;5.01,-5.13,-6.96;-0.13,-0.32,-0.09;Error,no connection with satelite
14:28:48.384 -> 35,180,956,937,581,298,445,902,;268,278,30,191,158,58,111,28,;894,969,954,896,16,876,780,123,;943,960,896,907,883,913,887,914,;5.15,-4.10,-7.05;-0.14,-0.31,-0.00;Error,no connection with satelite
14:28:48.431 -> 45,181,956,936,576,288,437,902,;263,273,31,188,207,58,117,25,;894,970,955,896,38,879,782,135,;944,965,895,907,883,913,887,914,;5.00,-4.67,-7.15;-0.17,-0.31,0.07;Error,no connection with satelite
14:28:48.478 -> 93,263,958,937,596,295,446,902,;274,284,29,182,194,56,120,24,;894,971,956,899,85,880,782,120,;943,965,895,907,883,913,887,914,;4.70,-4.89,-7.29;-0.19,-0.27,0.05;Error,no connection with satelite
14:28:48.478 -> 85,172,956,936,624,294,440,902,;306,315,26,209,253,57,50,27,;893,971,956,898,48,879,780,108,;940,964,895,907,883,913,887,914,;4.35,-4.58,-7.21;-0.20,-0.19,0.08;Error,no connection with satelite
14:28:48.528 -> 88,200,956,935,620,279,405,902,;320,330,29,118,210,47,51,27,;894,972,957,898,46,878,780,101,;888,960,894,907,883,913,887,914,;4.37,-4.16,-6.91;-0.21,-0.18,0.14;Error,no connection with satelite
14:28:48.571 -> 21,243,958,937,619,261,389,903,;325,334,26,423,196,46,133,18,;894,972,957,896,16,877,780,96,;901,927,885,907,883,913,887,914,;4.45,-4.39,-7.12;-0.24,-0.11,0.20;Error,no connection with satelite
14:28:48.618 -> 23,124,959,938,681,271,383,904,;369,378,29,236,145,45,139,16,;894,969,954,897,15,878,780,93,;898,918,886,907,883,929,887,914,;4.53,-3.99,-6.97;-0.21,-0.05,0.10;Error,no connection with satelite
14:28:48.665 -> 23,140,958,938,675,288,384,903,;380,388,31,116,139,45,151,20,;894,969,954,897,28,878,776,65,;892,914,892,907,883,913,887,913,;4.43,-3.95,-6.99;-0.20,-0.08,0.17;Error,no connection with satelite
14:28:48.713 -> 23,262,959,940,655,278,382,903,;365,373,30,154,137,45,149,20,;894,969,954,897,29,879,776,57,;890,913,893,907,883,913,887,914,;4.45,-4.33,-7.25;-0.22,-0.08,0.20;Error,no connection with satelite
14:28:48.760 -> 17,150,960,942,715,312,415,905,;397,405,24,524,142,44,152,20,;894,969,955,899,69,880,777,61,;890,913,892,907,883,913,887,913,;4.55,-4.16,-7.22;-0.18,-0.09,0.21;Error,no connection with satelite
14:28:48.807 -> 15,147,960,943,720,430,529,903,;445,452,27,299,159,46,150,19,;894,970,955,897,37,880,778,66,;890,913,892,907,883,913,887,914,;4.50,-4.07,-7.20;-0.10,-0.17,0.24;Error,no connection with satelite
14:28:48.853 -> 13,205,960,944,768,560,679,904,;531,537,29,202,297,46,160,15,;894,969,954,897,12,878,779,73,;893,915,894,907,883,913,887,913,;4.16,-4.03,-7.17;-0.16,-0.15,0.22;Error,no connection with satelite
14:28:48.899 -> 86,162,961,944,841,785,958,907,;729,732,29,113,197,42,184,20,;894,969,955,897,12,880,783,93,;939,964,893,907,883,913,887,914,;4.26,-4.11,-7.24;-0.14,-0.11,0.23;Error,no connection with satelite
14:28:48.899 -> 152,203,960,943,874,847,959,907,;798,799,26,257,269,38,219,103,;894,970,955,897,12,879,778,64,;948,967,893,907,883,913,887,914,;4.17,-4.19,-7.25;-0.09,-0.08,0.28;Error,no connection with satelite
14:28:48.992 -> 131,236,959,940,896,852,959,906,;872,875,26,309,360,37,344,106,;894,970,955,903,101,884,773,22,;918,938,892,907,883,913,887,914,;4.54,-4.15,-7.50;-0.05,-0.10,0.29;Error,no connection with satelite
14:28:48.992 -> 47,239,958,937,894,854,959,906,;912,912,26,258,319,43,139,76,;894,970,955,901,95,884,780,74,;888,911,891,907,883,913,887,914,;4.02,-4.68,-7.88;-0.02,-0.07,0.23;Error,no connection with satelite
14:28:49.038 -> 58,176,957,933,889,859,959,905,;945,946,25,267,231,45,263,125,;894,970,955,900,81,883,781,76,;888,911,890,907,883,913,887,914,;3.91,-4.81,-8.26;-0.07,0.02,0.25;Error,no connection with satelite
14:28:49.085 -> 22,163,951,926,888,862,957,904,;948,947,24,180,71,47,163,117,;894,970,956,901,160,886,784,96,;886,909,891,907,883,913,887,914,;4.03,-4.42,-7.87;-0.21,0.14,0.28;Error,no connection with satelite
14:28:49.131 -> 30,210,894,910,889,865,949,906,;953,954,26,236,77,57,265,112,;894,970,955,902,152,887,783,94,;887,910,890,907,883,913,887,914,;4.13,-4.08,-7.53;-0.18,0.24,0.28;Error,no connection with satelite
14:28:49.180 -> 79,242,886,907,887,865,36,903,;968,968,34,257,332,140,258,112,;894,970,955,897,14,880,779,72,;887,910,891,907,883,917,887,914,;4.10,-3.91,-7.46;-0.06,0.25,0.28;Error,no connection with satelite
14:28:49.225 -> 85,208,892,910,888,872,883,911,;972,972,950,968,133,58,180,132,;894,970,955,899,34,879,772,24,;887,910,891,907,883,913,887,914,;4.10,-3.89,-7.47;0.01,0.32,0.29;Error,no connection with satelite
14:28:49.225 -> 88,309,888,910,887,874,881,908,;973,974,952,969,201,74,159,107,;894,970,955,900,85,883,771,14,;887,910,891,907,883,913,887,914,;4.12,-3.81,-7.27;-0.02,0.39,0.30;Error,no connection with satelite
14:28:49.273 -> 114,228,887,910,887,877,881,908,;974,974,953,971,276,146,193,101,;894,970,955,899,19,879,772,18,;887,911,889,907,883,913,887,914,;4.40,-3.83,-7.30;-0.02,0.39,0.31;Error,no connection with satelite
14:28:49.318 -> 89,167,888,910,887,873,881,911,;974,974,953,971,280,135,190,100,;894,970,955,899,14,879,772,18,;887,910,886,908,883,913,887,914,;4.58,-3.91,-7.31;0.05,0.44,0.31;Error,no connection with satelite
14:28:49.366 -> 71,370,889,910,887,879,882,911,;974,975,896,921,246,138,184,94,;894,974,955,897,21,878,772,18,;888,913,886,907,883,913,887,914,;4.49,-4.00,-7.22;0.09,0.49,0.30;Error,no connection with satelite
14:28:49.412 -> 114,358,888,910,887,880,882,912,;975,975,890,917,276,130,180,93,;894,970,955,901,21,879,772,18,;887,911,885,908,883,913,887,914,;4.87,-4.17,-7.18;0.03,0.41,0.32;Error,no connection with satelite
14:28:49.412 -> 80,250,891,909,887,880,883,911,;975,975,895,919,199,91,140,97,;894,969,955,902,203,886,772,15,;887,912,886,908,883,913,887,914,;5.05,-4.38,-7.13;0.05,0.36,0.30;Error,no connection with satelite
14:28:49.460 -> 118,188,888,909,887,879,883,907,;975,975,890,915,246,89,140,102,;894,969,955,899,20,878,771,15,;908,931,887,908,883,913,887,914,;5.26,-4.57,-7.22;0.11,0.33,0.25;Error,no connection with satelite
14:28:49.511 -> 101,214,888,908,887,885,883,909,;975,976,899,924,269,95,137,101,;894,969,955,899,21,879,772,17,;905,926,887,908,883,913,887,914,;5.14,-4.68,-7.02;0.15,0.33,0.18;Error,no connection with satelite
14:28:49.553 -> 156,415,889,908,887,886,884,909,;976,977,901,926,307,184,137,101,;894,969,955,899,20,879,772,17,;946,962,887,908,883,913,887,914,;4.99,-4.63,-6.71;0.17,0.33,0.14;Error,no connection with satelite
14:28:49.600 -> 156,301,889,908,886,887,884,908,;977,977,936,955,380,177,140,102,;894,969,955,898,11,879,771,15,;952,965,886,908,883,913,887,914,;4.89,-4.64,-6.50;0.21,0.34,0.12;Error,no connection with satelite
14:28:49.647 -> 106,284,889,908,886,887,885,909,;976,977,892,917,345,139,142,101,;894,969,955,898,11,879,771,16,;953,970,886,908,883,913,887,914,;5.14,-4.69,-6.51;0.25,0.40,0.14;Error,no connection with satelite
14:28:49.701 -> 43,389,890,908,885,888,886,908,;976,977,895,919,265,199,177,97,;894,969,955,899,12,878,771,14,;950,962,886,908,882,913,887,914,;5.26,-4.96,-6.38;0.28,0.44,0.12;Error,no connection with satelite
14:28:49.701 -> 111,422,890,908,885,888,886,908,;976,977,905,929,407,199,203,96,;894,969,955,899,11,879,772,18,;951,965,886,908,883,913,888,914,;5.21,-5.09,-6.17;0.28,0.40,0.08;Error,no connection with satelite
14:28:49.740 -> 105,446,891,908,885,888,887,908,;976,977,903,927,268,89,213,95,;894,969,955,899,105,884,773,18,;952,961,886,908,883,913,887,914,;5.10,-5.21,-6.04;0.28,0.42,0.07;Error,no connection with satelite
14:28:49.788 -> 58,261,891,907,884,887,887,908,;976,977,953,971,403,137,171,99,;894,969,955,898,13,878,772,18,;951,964,887,908,883,913,887,914,;5.18,-5.35,-5.84;0.27,0.44,0.08;Error,no connection with satelite
14:28:49.836 -> 100,321,892,876,884,887,888,908,;975,976,909,933,470,87,231,95,;894,969,954,898,12,878,773,17,;953,968,887,908,883,913,887,914,;5.44,-5.54,-5.76;0.22,0.42,0.12;Error,no connection with satelite
14:28:49.883 -> 118,310,893,859,885,886,888,908,;975,976,903,927,290,92,168,100,;894,969,954,899,18,878,774,18,;952,965,887,908,883,913,887,913,;5.41,-5.83,-5.78;0.18,0.41,0.13;Error,no connection with satelite
14:28:49.929 -> 115,296,896,859,884,887,888,906,;975,976,899,924,353,191,239,125,;894,973,958,936,858,920,785,17,;953,967,887,908,883,913,887,913,;5.38,-5.95,-5.52;0.10,0.41,0.14;Error,no connection with satelite
14:28:49.976 -> 120,206,899,859,884,884,889,907,;975,975,952,969,190,56,145,95,;895,972,958,934,863,918,784,16,;932,952,887,908,883,913,887,913,;5.50,-5.90,-5.04;0.06,0.46,0.10;Error,no connection with satelite
14:28:50.022 -> 82,278,903,828,883,885,889,910,;975,976,939,964,443,131,180,92,;895,972,958,933,866,917,786,18,;949,966,1022,908,883,913,888,913,;5.67,-5.72,-4.85;0.08,0.50,0.10;Error,no connection with satelite
14:28:50.022 -> 60,264,903,765,883,885,888,907,;976,977,947,965,471,199,199,89,;895,929,907,932,868,917,787,18,;951,966,887,908,883,912,888,915,;5.54,-5.89,-4.66;0.09,0.52,0.11;Error,no connection with satelite
14:28:50.070 -> 75,940,853,748,883,891,889,906,;980,980,899,926,925,942,146,93,;895,927,905,932,870,917,789,18,;952,966,887,908,883,912,888,913,;5.83,-6.12,-4.56;0.11,0.53,0.11;Error,no connection with satelite
14:28:50.117 -> 132,940,788,776,884,892,888,906,;967,968,902,926,916,926,183,118,;895,969,956,931,871,917,790,18,;949,963,888,908,883,912,888,913,;6.37,-5.97,-4.35;0.13,0.51,0.03;Error,no connection with satelite
14:28:50.164 -> 117,940,763,768,883,891,889,907,;960,960,889,917,936,950,307,100,;895,969,956,931,873,916,790,18,;886,912,890,908,883,912,888,913,;6.42,-6.08,-4.25;0.11,0.48,-0.15;Error,no connection with satelite
14:28:50.211 -> 114,941,747,789,883,892,889,906,;968,969,953,971,947,956,245,71,;895,969,952,930,873,916,791,21,;887,915,889,908,883,912,888,913,;6.14,-6.12,-4.09;0.19,0.46,-0.20;Error,no connection with satelite
14:28:50.258 -> 114,942,740,835,883,892,888,907,;979,980,940,960,911,957,269,52,;895,969,956,930,874,916,790,21,;886,911,888,908,883,912,888,913,;6.01,-5.69,-4.33;-0.18,0.51,0.15;Error,no connection with satelite
14:28:50.305 -> 102,942,733,862,883,891,888,906,;978,979,936,957,914,919,257,42,;895,965,952,897,74,878,782,19,;887,915,886,908,883,912,887,912,;6.60,-6.50,-4.07;-0.13,0.66,0.10;Error,no connection with satelite
14:28:50.352 -> 118,942,735,888,883,891,888,906,;980,982,947,966,916,922,204,42,;895,965,952,896,16,876,781,18,;887,922,885,908,883,912,887,912,;6.73,-5.81,-3.56;-0.02,0.65,0.01;Error,no connection with satelite
14:28:50.397 -> 137,943,753,908,884,892,888,906,;979,981,950,967,916,918,204,42,;894,964,944,897,19,878,781,17,;888,922,887,908,883,912,887,912,;7.06,-6.09,-4.14;-0.09,0.36,-0.06;Error,no connection with satelite
14:28:50.444 -> 125,943,752,908,884,892,888,906,;980,982,950,972,951,959,154,43,;894,966,953,902,126,882,782,17,;889,915,889,908,883,912,887,912,;6.88,-6.17,-3.68;-0.17,0.40,-0.16;Error,no connection with satelite
14:28:50.491 -> 130,944,757,920,884,892,888,905,;977,979,147,166,928,956,180,43,;894,965,950,898,17,878,781,18,;957,971,903,141,884,911,887,912,;6.46,-5.85,-2.81;-0.20,0.45,-0.09;Error,no connection with satelite
14:28:50.538 -> 148,944,762,913,884,893,888,904,;978,979,73,105,949,956,156,40,;894,965,950,898,18,879,781,13,;953,967,903,33,883,911,887,912,;6.60,-6.57,-2.90;0.00,0.44,0.04;Error,no connection with satelite
14:28:50.634 -> 140,944,758,908,883,894,890,904,;977,979,44,77,915,909,215,42,;895,965,950,899,18,875,712,18,;954,967,882,37,883,911,887,913,;6.06,-6.98,-2.00;0.26,0.48,-0.12;Error,no connection with satelite
14:28:50.679 -> 140,944,769,908,891,895,892,905,;977,978,154,186,911,919,200,39,;895,965,952,899,18,875,708,18,;953,967,882,53,884,911,887,912,;6.31,-7.09,-2.09;0.35,0.43,-0.03;Error,no connection with satelite
14:28:50.726 -> 102,944,777,908,884,895,891,904,;975,977,64,102,914,924,232,66,;895,920,899,899,19,875,706,18,;953,967,882,44,884,911,887,912,;6.44,-6.98,-1.84;0.45,0.31,0.07;Error,no connection with satelite
14:28:50.773 -> 79,944,774,908,884,896,892,904,;976,977,66,102,940,948,270,109,;895,924,901,899,18,873,703,20,;953,967,883,39,884,911,887,912,;5.94,-7.66,-1.72;0.51,0.09,0.12;Error,no connection with satelite
14:28:50.820 -> 24,958,766,908,884,911,892,905,;976,977,220,260,939,960,260,90,;895,964,946,900,39,876,704,22,;955,968,883,51,884,911,887,912,;5.54,-8.72,-1.52;0.44,0.13,-0.01;Error,no connection with satelite
14:28:50.868 -> 27,957,766,908,885,898,893,905,;975,977,116,230,925,956,266,93,;895,964,944,899,19,877,709,99,;955,968,883,59,884,911,887,912,;5.85,-9.08,-1.28;0.40,0.20,-0.03;Error,no connection with satelite
14:28:50.868 -> 26,959,761,908,883,903,895,908,;979,980,931,953,921,959,238,38,;895,964,947,904,56,883,743,98,;953,967,884,76,884,911,887,913,;6.74,-9.19,-1.68;0.35,0.20,0.22;Error,no connection with satelite
14:28:50.914 -> 36,960,759,908,883,903,894,905,;975,975,178,408,920,959,204,29,;895,963,946,905,90,889,794,96,;952,967,884,64,884,912,887,913,;8.17,-9.28,-2.20;0.32,0.19,0.13;Error,no connection with satelite
14:28:50.961 -> 114,972,762,908,884,901,894,905,;976,979,181,174,925,972,174,29,;895,967,947,935,860,921,795,57,;953,967,888,905,884,912,888,913,;9.66,-8.36,-2.69;0.12,0.03,-0.27;Error,no connection with satelite
14:28:51.007 -> 109,972,757,908,884,912,892,905,;975,976,166,231,924,970,204,38,;895,969,956,933,864,918,791,49,;953,967,888,905,884,912,887,912,;10.70,-7.13,-2.60;0.05,0.01,-0.54;Error,no connection with satelite
14:28:51.055 -> 123,974,748,908,884,824,889,907,;979,981,49,95,924,971,225,54,;895,921,901,932,868,919,796,69,;954,968,888,906,884,912,887,913,;10.52,-5.82,-2.30;-0.09,-0.14,-0.64;Error,no connection with satelite
14:28:51.101 -> 88,972,768,908,884,883,888,905,;975,976,100,153,922,971,250,81,;895,944,918,932,870,918,796,74,;954,968,886,906,884,912,888,913,;9.00,-5.03,-2.07;-0.16,-0.23,-0.74;Error,no connection with satelite
14:28:51.148 -> 124,973,782,909,884,912,888,908,;976,979,960,973,923,972,265,95,;894,926,904,931,870,917,794,73,;957,968,893,905,883,912,887,914,;7.41,-4.19,-1.50;-0.14,-0.13,-0.70;Error,no connection with satelite
14:28:51.195 -> 128,973,780,909,884,911,888,907,;976,979,931,967,923,971,227,47,;894,934,910,931,871,916,792,67,;953,968,896,905,883,913,887,912,;6.73,-3.85,-1.30;-0.03,-0.05,-0.40;Error,no connection with satelite
14:28:51.241 -> 47,973,780,909,884,911,888,907,;976,979,903,935,924,972,312,135,;894,929,907,931,871,915,790,53,;956,970,929,907,883,913,887,914,;6.28,-4.14,-1.06;0.10,-0.02,0.06;Error,no connection with satelite
14:28:51.289 -> 143,121,761,908,884,911,889,907,;975,976,940,957,205,87,240,111,;894,932,908,929,864,913,787,47,;956,969,889,907,883,912,887,913,;8.24,-5.05,-0.82;0.41,0.32,0.43;Error,no connection with satelite
14:28:51.337 -> 43,120,746,908,883,911,889,907,;973,975,944,963,221,86,244,119,;894,931,903,898,113,874,779,49,;955,969,887,907,883,912,887,913,;8.29,-5.10,-0.49;0.39,0.43,0.26;Error,no connection with satelite
14:28:51.384 -> 153,152,745,908,884,911,889,906,;974,975,893,909,153,120,240,112,;894,969,955,929,872,915,789,56,;956,969,884,907,883,912,887,913,;8.13,-5.00,-0.49;0.31,0.38,0.28;Error,no connection with satelite
14:28:51.475 -> 132,174,730,908,884,911,889,907,;975,977,911,950,347,147,231,106,;893,929,903,894,14,874,780,57,;956,970,887,907,883,912,887,913,;7.61,-4.94,-0.09;0.16,0.15,0.48;Error,no connection with satelite
14:28:51.475 -> 99,192,719,908,883,903,891,907,;975,977,855,931,364,176,275,151,;894,965,952,896,15,878,784,56,;957,970,885,907,883,912,888,915,;8.07,-5.22,0.23;0.30,0.34,0.65;Error,no connection with satelite
14:28:51.522 -> 49,160,713,908,883,902,891,904,;972,975,138,245,302,141,281,158,;894,965,952,899,71,881,784,56,;953,967,880,41,884,911,887,915,;8.31,-5.40,0.35;0.44,0.34,0.70;Error,no connection with satelite
14:28:51.570 -> 56,144,716,908,883,911,892,904,;972,974,167,202,291,112,284,164,;893,964,951,899,60,878,780,55,;955,969,866,73,883,911,885,912,;8.23,-5.54,0.29;0.48,0.18,0.77;Error,no connection with satelite
14:28:51.617 -> 153,236,713,908,884,911,893,904,;972,974,107,144,358,225,303,185,;892,940,910,898,43,877,781,56,;956,970,881,72,881,905,33,908,;8.45,-5.95,0.48;0.48,0.24,0.80;Error,no connection with satelite
14:28:51.664 -> 143,254,715,909,883,903,895,904,;974,975,137,206,344,227,312,189,;892,953,926,903,28,880,785,56,;953,967,883,68,882,907,35,910,;8.49,-6.54,0.59;0.51,0.31,0.75;Error,no connection with satelite
14:28:51.710 -> 136,369,729,910,884,911,896,904,;973,975,129,308,363,278,324,190,;893,954,927,897,24,876,780,51,;953,966,248,128,882,912,882,913,;8.87,-7.16,0.40;0.48,0.38,0.54;Error,no connection with satelite
14:28:51.805 -> 26,360,767,785,883,911,896,906,;954,956,950,967,258,156,333,114,;894,952,924,897,21,878,783,69,;954,967,366,142,884,911,885,911,;7.90,-7.66,0.42;0.00,0.04,-0.04;Error,no connection with satelite
14:28:51.853 -> 48,323,768,786,883,897,896,903,;949,951,72,225,317,157,355,112,;894,952,924,898,20,878,782,60,;951,964,238,172,884,911,885,911,;7.58,-7.90,-0.07;-0.13,0.09,-0.26;Error,no connection with satelite
14:28:51.900 -> 40,313,771,761,882,898,899,904,;948,960,164,254,345,188,221,119,;894,920,901,899,22,880,785,61,;951,964,327,58,884,911,886,911,;6.79,-7.86,-0.79;-0.46,-0.25,-0.49;Error,no connection with satelite
14:28:51.948 -> 26,173,775,828,882,901,896,904,;947,952,942,960,229,187,71,46,;894,920,902,902,94,881,760,62,;950,963,252,79,884,911,886,911,;6.17,-8.20,0.22;-0.56,-0.36,-0.18;Error,no connection with satelite
14:28:51.994 -> 20,219,763,785,883,902,895,906,;952,954,891,905,249,191,72,47,;894,919,902,905,41,877,732,58,;951,964,226,37,884,911,886,911,;5.95,-8.57,0.75;-0.32,0.12,0.22;Error,no connection with satelite
14:28:52.040 -> 150,172,763,779,883,901,894,906,;948,952,226,900,160,119,73,48,;894,920,902,899,29,877,732,56,;950,963,246,39,884,911,886,911,;5.34,-8.42,-0.20;-0.42,0.30,0.27;Error,no connection with satelite
14:28:52.040 -> 141,299,782,777,883,902,894,904,;947,952,899,914,229,200,72,47,;894,920,902,899,36,876,729,53,;950,964,322,44,884,911,886,911,;4.98,-8.18,0.02;-0.54,0.42,0.46;Error,no connection with satelite
14:28:52.087 -> 158,168,780,777,883,903,895,906,;945,947,913,919,157,119,72,47,;894,920,901,899,24,876,727,62,;950,963,199,63,885,911,887,911,;5.70,-8.13,1.05;-0.43,0.75,0.65;Error,no connection with satelite
14:28:52.134 -> 94,229,784,789,883,903,895,904,;944,946,888,927,215,179,72,46,;894,920,902,899,24,877,727,67,;950,964,205,44,884,911,887,911,;6.44,-8.30,1.46;-0.51,0.94,0.42;Error,no connection with satelite
14:28:52.228 -> 187,282,780,786,883,911,895,904,;944,945,92,114,396,267,73,48,;894,919,900,898,22,874,725,63,;950,963,195,191,884,910,886,911,;5.65,-8.15,1.11;-0.76,0.78,-0.01;Error,no connection with satelite
14:28:52.323 -> 173,232,784,882,883,906,895,904,;971,973,54,78,337,214,72,47,;894,922,902,899,18,876,720,67,;953,967,883,133,886,911,887,911,;6.12,-8.37,0.98;-0.79,0.91,0.08;Error,no connection with satelite
14:28:52.380 -> 125,215,772,903,883,905,894,904,;969,972,90,188,275,174,72,47,;894,926,903,899,18,876,721,71,;952,967,887,176,885,911,887,912,;6.43,-8.19,0.88;-0.84,0.90,0.05;Error,no connection with satelite
14:28:52.417 -> 121,137,754,906,883,905,894,904,;970,972,161,193,214,101,73,47,;894,926,904,899,18,876,721,74,;953,966,915,45,884,911,887,912,;6.36,-8.14,0.73;-0.90,0.76,-0.03;Error,no connection with satelite
14:28:52.463 -> 133,310,742,909,883,907,894,907,;980,982,951,967,383,287,71,46,;895,927,904,899,43,880,722,83,;952,966,915,190,885,911,887,912,;5.98,-8.35,0.72;-0.89,0.69,0.02;Error,no connection with satelite
14:28:52.463 -> 134,209,739,908,884,912,892,906,;977,980,952,968,339,181,71,46,;918,926,904,899,20,875,726,93,;952,966,911,170,886,911,886,911,;5.83,-8.18,1.16;-0.81,0.68,0.09;Error,no connection with satelite
14:28:52.510 -> 86,189,747,908,883,911,892,906,;977,979,952,968,249,154,71,46,;894,926,904,900,100,878,725,101,;952,966,908,48,884,910,886,911,;5.93,-7.77,1.39;-0.75,0.81,0.05;Error,no connection with satelite
14:28:52.558 -> 53,197,773,907,883,911,893,906,;977,979,951,968,233,137,71,46,;894,925,902,898,19,875,724,66,;952,966,910,47,884,910,886,911,;6.13,-7.52,1.22;-0.77,0.82,-0.07;Error,no connection with satelite
14:28:52.604 -> 50,318,825,907,883,904,893,904,;975,978,135,112,280,174,73,47,;894,924,902,899,19,876,721,54,;952,966,912,64,885,911,887,911,;6.09,-7.62,1.16;-0.78,0.83,-0.28;Error,no connection with satelite
14:28:52.652 -> 107,502,842,908,883,903,895,904,;976,978,168,197,411,217,71,46,;895,925,903,900,19,877,731,55,;952,966,885,157,885,911,886,911,;6.25,-7.63,1.50;-0.85,0.85,-0.38;Error,no connection with satelite
14:28:52.700 -> 129,347,901,908,884,906,896,907,;978,981,932,939,297,162,71,46,;894,966,952,899,19,877,741,60,;952,965,913,169,886,911,887,911,;6.49,-7.84,1.39;-0.83,0.89,-0.38;Error,no connection with satelite
14:28:52.746 -> 129,393,900,907,892,906,896,905,;976,977,164,243,348,201,73,48,;895,965,950,902,84,879,740,58,;951,964,880,46,885,911,887,911,;6.63,-7.81,1.76;-0.77,0.85,-0.27;Error,no connection with satelite
14:28:52.794 -> 130,445,900,907,884,907,896,904,;975,977,48,68,238,181,73,48,;894,949,920,899,19,877,734,77,;952,965,916,108,885,911,887,911,;6.52,-7.39,1.79;-0.74,0.74,-0.09;Error,no connection with satelite
14:28:52.840 -> 126,448,884,907,886,907,897,907,;979,981,928,943,303,252,71,46,;895,943,915,899,19,878,737,77,;952,965,915,95,885,911,887,911,;6.83,-7.79,1.67;-0.60,0.56,0.51;Error,no connection with satelite
14:28:52.887 -> 131,373,862,892,888,907,897,906,;977,980,914,937,234,176,71,46,;895,949,921,900,33,880,752,97,;952,965,914,131,886,911,887,911,;7.81,-7.87,2.00;-0.29,0.52,0.59;Error,no connection with satelite
14:28:52.887 -> 105,304,811,907,885,908,897,906,;977,980,935,932,236,175,71,46,;895,964,952,899,19,878,750,75,;952,965,894,106,886,911,887,911,;9.50,-8.51,1.25;-0.27,0.77,0.80;Error,no connection with satelite
14:28:52.934 -> 175,317,831,907,885,912,896,907,;977,980,951,968,261,206,72,47,;894,964,948,899,18,879,776,85,;952,966,899,50,884,911,886,911,;6.93,-9.19,-0.47;0.30,0.65,0.15;Error,no connection with satelite
14:28:52.980 -> 100,256,863,908,883,909,889,906,;977,980,952,969,223,114,73,48,;894,937,912,899,17,881,788,83,;952,966,896,47,884,911,887,911,;4.00,-7.80,-0.79;-0.09,0.20,-0.16;Error,no connection with satelite
14:28:53.027 -> 98,430,896,908,884,910,889,906,;978,981,954,971,440,314,73,48,;894,923,902,902,19,881,788,82,;952,966,893,57,885,911,887,911,;5.77,-6.25,-0.41;-0.52,-0.32,0.10;Error,no connection with satelite
14:28:53.073 -> 100,400,894,908,884,910,893,906,;978,981,944,963,431,279,73,48,;894,923,902,899,19,881,787,72,;951,965,860,44,884,911,887,911,;9.29,-6.31,1.29;0.36,-0.10,0.32;Error,no connection with satelite
14:28:53.118 -> 77,399,892,908,884,910,894,906,;978,981,948,966,554,226,73,48,;894,924,902,899,18,880,786,69,;948,963,890,43,884,911,887,911,;9.77,-7.43,0.52;0.75,0.38,-0.06;Error,no connection with satelite
